19
23
27
31
35
39
43
45
47
51
55
57
59
63
63
69
71
75
77
79
83
87
87
91
93
95
99
101
103
105
107
111
111
115
117
119
119
121
123
125
127
127
131
133
135
139
141
143
145
147
151
151
155
155
157
159
161
163
167
167
169
171
173
175
175
177
179
181
183
183
185
187
187
187
189
189
191
191
191
193
195
197
199
199
199
201
201
203
203
203
205
205
205
205
205
207
205
203
201
201
199
199
197
197
197
195
195
195
195
193
193
193
193
193
193
193
193
193
193
193
193
193
193
193
193
193
193
193
191
189
189
187
187
187
185
185
185
183
183
183
183
181
181
181
181
181
179
179
179
179
179
179
179
179
179
179
177